140.5 159.5 19
140.5 159.5 0
140.5 140.5 19
V: -0.95 0 0
140.5 159.5 0
140.5 140.5 0
140.5 140.5 19
V: -0.95 0 0
145.288327026367 140.5 3.49681137800217
140.5 140.5 0
146.820161437988 140.5 3.49681137800217
V: 0 -0.95 4.42122242446772E-18
146.820161437988 140.5 3.49681137800217
140.5 140.5 0
152.408456420898 140.5 3.49681137800217
V: 0 -0.95 4.42122242446772E-18
146.820161437988 140.5 3.49681137800217
152.408456420898 140.5 3.49681137800217
149.575431060791 140.5 8.14742217063904
V: 0 -0.95 -4.10281656191028E-18
154.100904846191 140.5 3.49682587385178
152.408456420898 140.5 3.49681137800217
159.5 140.5 0
V: -2.05240777590863E-17 -0.95 -3.72016665780798E-17
152.408456420898 140.5 3.49681137800217
140.5 140.5 0
159.5 140.5 0
V: 0 -0.95 4.42122242446772E-18
140.5 140.5 19
140.5 140.5 0
145.494744300842 140.5 15.1864427566528
V: 1.13036847493939E-17 -0.95 0
145.288327026367 140.5 3.49681137800217
148.656314468384 140.5 9.56410970687866
145.494744300842 140.5 15.1864427566528
V: -6.85590166292215E-18 -0.95 3.62834457849446E-18
140.5 140.5 0
145.288327026367 140.5 3.49681137800217
145.494744300842 140.5 15.1864427566528
V: 6.76150048022582E-19 -0.95 3.4953424730373E-18
140.5 140.5 19
145.494744300842 140.5 15.1864427566528
147.059661865234 140.5 15.1923280715942
V: -7.70355465297657E-17 -0.95 -1.15700865049845E-16
147.059661865234 140.5 15.1923280715942
149.558427429199 140.5 10.7695918083191
152.350204849243 140.5 15.1923280715942
V: 0 -0.95 -1.33629818976797E-17
140.5 140.5 19
147.059661865234 140.5 15.1923280715942
152.350204849243 140.5 15.1923280715942
V: 0 -0.95 1.70120225991618E-17
150.292120361328 140.5 9.52078161239624
154.100904846191 140.5 3.49682587385178
153.895795822144 140.5 15.1588354110718
V: 1.77250269723403E-17 -0.95 1.03299146174438E-17
154.100904846191 140.5 3.49682587385178
159.5 140.5 0
153.895795822144 140.5 15.1588354110718
V: 1.01746409164919E-17 -0.95 1.01971199811372E-17
152.350204849243 140.5 15.1923280715942
153.895795822144 140.5 15.1588354110718
159.5 140.5 19
V: 1.01276700586054E-16 -0.95 -1.73158684423383E-16
153.895795822144 140.5 15.1588354110718
159.5 140.5 0
159.5 140.5 19
V: -1.74075917351624E-17 -0.95 0
140.5 140.5 19
152.350204849243 140.5 15.1923280715942
159.5 140.5 19
V: 0 -0.95 1.70120225991618E-17
146.506081223488 144.705878806114 19
140.5 140.5 19
146.506081223488 144.306716108322 19
V: 0 0 0.95
159.5 140.5 19
153.906578016281 144.306716108322 19
146.506081223488 144.306716108322 19
V: 0 0 0.95
159.5 140.5 19
153.906578016281 145.743703722954 19
153.906578016281 144.306716108322 19
V: 0 0 0.95
159.5 140.5 19
146.506081223488 144.306716108322 19
140.5 140.5 19
V: 0 0 0.95
146.585913038254 154.56522231102 19
140.5 159.5 19
140.5 140.5 19
V: 0 0 0.95
146.585913038254 154.56522231102 19
140.5 140.5 19
146.506081223488 144.705878806114 19
V: 0 0 0.95
146.585913038254 156.0022149086 19
140.5 159.5 19
146.585913038254 154.56522231102 19
V: 0 0 0.95
159.5 159.5 19
153.730945396423 156.0022149086 19
153.730945396423 155.603047227859 19
V: 0 0 0.95
159.5 159.5 19
153.906578016281 145.743703722954 19
159.5 140.5 19
V: 0 0 0.95
159.5 159.5 19
153.730945396423 155.603047227859 19
153.906578016281 145.743703722954 19
V: 0 0 0.95
159.5 159.5 19
140.5 159.5 19
146.585913038254 156.0022149086 19
V: 0 0 0.95
159.5 159.5 19
146.585913038254 156.0022149086 19
153.730945396423 156.0022149086 19
V: 0 0 0.95
153.730945396423 155.603047227859 19
148.685515451431 145.743703722954 19
153.906578016281 145.743703722954 19
V: 0 0 0.95
146.506081223488 144.705878806114 19
151.535546255112 154.56522231102 19
146.585913038254 154.56522231102 19
V: 0 0 0.95
159.5 159.5 19
159.5 159.5 0
140.5 159.5 0
V: 0 0.95 0
159.5 159.5 19
140.5 159.5 0
140.5 159.5 19
V: 0 0.95 0
140.5 140.5 0
140.5 159.5 0
159.5 159.5 0
V: 0 0 -0.95
159.5 140.5 0
140.5 140.5 0
159.5 159.5 0
V: 0 0 -0.95
159.5 150.42837228775 8.768319272995
159.5 150.485060119629 3.53159145116806
159.5 159.5 0
V: 0.95 0 0
159.5 140.5 0
159.5 150.485060119629 3.53159145116806
159.5 148.88849811554 3.51430945396423
V: 0.95 0 0
159.5 140.5 0
159.5 159.5 0
159.5 150.485060119629 3.53159145116806
V: 0.95 0 0
159.5 148.831810283661 8.75103750228882
159.5 140.5 0
159.5 148.88849811554 3.51430945396423
V: 0.95 0 0
159.5 154.110383319855 15.2670306205749
159.5 159.5 0
159.5 159.5 19
V: 0.95 0 0
159.5 154.110383319855 15.2670306205749
159.5 150.42837228775 8.768319272995
159.5 159.5 0
V: 0.95 0 0
159.5 152.465924310684 15.2492297172546
159.5 154.110383319855 15.2670306205749
159.5 159.5 19
V: 0.95 0 0
159.5 146.638474988937 15.18615193367
159.5 149.607506752014 10.1086879730225
159.5 152.465924310684 15.2492297172546
V: 0.95 0 0
159.5 144.994015073776 15.1683510303497
159.5 140.5 0
159.5 148.831810283661 8.75103750228882
V: 0.95 0 0
159.5 140.5 19
159.5 144.994015073776 15.1683510303497
159.5 146.638474988937 15.18615193367
V: 0.95 0 0
159.5 140.5 19
159.5 146.638474988937 15.18615193367
159.5 152.465924310684 15.2492297172546
V: 0.95 0 0
159.5 140.5 19
159.5 152.465924310684 15.2492297172546
159.5 159.5 19
V: 0.95 0 0
159.5 140.5 19
159.5 140.5 0
159.5 144.994015073776 15.1683510303497
V: 0.95 0 0
153.895795822144 140.5 15.1588354110718
153.895795822144 142.3064891994 15.1573314666748
150.292120361328 140.5 9.52078161239624
V: -0.800459220473933 0.000425943582325545 0.511629607167458
150.292120361328 140.5 9.52078161239624
153.895795822144 142.3064891994 15.1573314666748
150.292120361328 142.301795488596 9.51928129196167
V: -0.800459232154782 0.000426024114226017 0.511629588825383
150.292120361328 140.5 9.52078161239624
150.292120361328 142.301795488596 9.51928129196167
154.100904846191 140.5 3.49682587385178
V: -0.802962672552022 -0.000422745032496018 -0.507691606957169
154.100904846191 140.5 3.49682587385178
150.292120361328 142.301795488596 9.51928129196167
154.100904846191 142.296780377626 3.49533008337021
V: -0.802962659077019 -0.000422645034817325 -0.507691628352426
152.408456420898 140.5 3.49681137800217
154.100904846191 140.5 3.49682587385178
154.100904846191 142.296780377626 3.49533008337021
V: -8.1367633723594E-06 0.000790859296291254 0.949999670776452
152.408456420898 140.5 3.49681137800217
154.100904846191 142.296780377626 3.49533008337021
152.408456420898 142.296780377626 3.4953155875206
V: -8.13676337235942E-06 0.000790859296291254 0.949999670776452
149.575431060791 140.5 8.14742217063904
152.408456420898 140.5 3.49681137800217
149.575431060791 142.300652128458 8.14592366218567
V: 0.811316587318831 0.00041130141227277 0.494231955636698
152.408456420898 140.5 3.49681137800217
152.408456420898 142.296780377626 3.4953155875206
149.575431060791 142.300652128458 8.14592366218567
V: 0.811316611121296 0.000411440043265685 0.494231916447882
149.575431060791 140.5 8.14742217063904
149.575431060791 142.300652128458 8.14592366218567
146.820161437988 140.5 3.49681137800217
V: -0.817326817004674 0.000402976050480358 0.484227954392671
146.820161437988 140.5 3.49681137800217
149.575431060791 142.300652128458 8.14592366218567
146.820161437988 142.296780377626 3.4953155875206
V: -0.817326840022559 0.000403111874898668 0.484227915427802
145.288327026367 140.5 3.49681137800217
146.820161437988 140.5 3.49681137800217
145.288327026367 142.296780377626 3.4953155875206
V: 0 0.000790859296320263 0.949999670811297
146.820161437988 140.5 3.49681137800217
146.820161437988 142.296780377626 3.4953155875206
145.288327026367 142.296780377626 3.4953155875206
V: 0 0.000790859296320263 0.949999670811297
148.656314468384 140.5 9.56410970687866
145.288327026367 140.5 3.49681137800217
148.656314468384 142.301831501722 9.56260938644409
V: 0.830608180099889 -0.000383920379859365 -0.461074726867882
145.288327026367 140.5 3.49681137800217
145.288327026367 142.296780377626 3.4953155875206
148.656314468384 142.301831501722 9.56260938644409
V: 0.830608169649649 -0.000383837237199893 -0.461074745762805
145.494744300842 140.5 15.1864427566528
148.656314468384 140.5 9.56410970687866
145.494744300842 142.306512188911 15.1849388122559
V: 0.828059124161749 0.000387648838817226 0.465637129770441
148.656314468384 140.5 9.56410970687866
148.656314468384 142.301831501722 9.56260938644409
145.494744300842 142.306512188911 15.1849388122559
V: 0.828059133813107 0.000387719314698912 0.465637112548409
147.059661865234 140.5 15.1923280715942
145.494744300842 140.5 15.1864427566528
147.059661865234 142.30651717186 15.1908241271973
V: 0.00357271708494116 -0.000790879046515948 -0.949992952712263
145.494744300842 140.5 15.1864427566528
145.494744300842 142.306512188911 15.1849388122559
147.059661865234 142.30651717186 15.1908241271973
V: 0.00357271960319128 -0.000790881228008247 -0.949992952700977
147.059661865234 140.5 15.1923280715942
147.059661865234 142.30651717186 15.1908241271973
149.558427429199 140.5 10.7695918083191
V: -0.827118081054242 -0.000389037683511866 -0.467306675153296
149.558427429199 140.5 10.7695918083191
147.059661865234 142.30651717186 15.1908241271973
149.558427429199 142.30283511281 10.7680914878845
V: -0.827118055776263 -0.000388892925519797 -0.467306720015009
152.350204849243 140.5 15.1923280715942
149.558427429199 140.5 10.7695918083191
152.350204849243 142.30651717186 15.1908241271973
V: 0.803339799824497 -0.000422161590837043 -0.507094653686595
149.558427429199 140.5 10.7695918083191
149.558427429199 142.30283511281 10.7680914878845
152.350204849243 142.30651717186 15.1908241271973
V: 0.80333977091449 -0.000422004505398829 -0.507094699616603
153.895795822144 140.5 15.1588354110718
152.350204849243 140.5 15.1923280715942
152.350204849243 142.30651717186 15.1908241271973
V: -0.0205814792538588 -0.000790699012843746 -0.949776698759658
153.895795822144 140.5 15.1588354110718
152.350204849243 142.30651717186 15.1908241271973
153.895795822144 142.3064891994 15.1573314666748
V: -0.0205814935573949 -0.000790711256102587 -0.94977669843951
153.730945396423 155.603047227859 19
153.730945396423 155.603047227859 17.1
148.685515451431 145.743703722954 19
V: -0.845696982225993 0.432777788540319 0
148.685515451431 145.743703722954 19
153.730945396423 155.603047227859 17.1
148.685515451431 145.743703722954 17.1
V: -0.845696982225993 0.432777788540319 0
153.730945396423 155.603047227859 19
153.730945396423 156.0022149086 19
153.730945396423 156.0022149086 17.1
V: -0.95 0 0
153.730945396423 155.603047227859 19
153.730945396423 156.0022149086 17.1
153.730945396423 155.603047227859 17.1
V: -0.95 0 0
146.585913038254 156.0022149086 19
146.585913038254 156.0022149086 17.1
153.730945396423 156.0022149086 19
V: 0 -0.95 0
153.730945396423 156.0022149086 19
146.585913038254 156.0022149086 17.1
153.730945396423 156.0022149086 17.1
V: 0 -0.95 0
146.585913038254 154.56522231102 19
146.585913038254 154.56522231102 17.1
146.585913038254 156.0022149086 17.1
V: 0.95 0 0
146.585913038254 156.0022149086 19
146.585913038254 154.56522231102 19
146.585913038254 156.0022149086 17.1
V: 0.95 0 0
151.535546255112 154.56522231102 19
151.535546255112 154.56522231102 17.1
146.585913038254 154.56522231102 17.1
V: 0 0.95 0
146.585913038254 154.56522231102 19
151.535546255112 154.56522231102 19
146.585913038254 154.56522231102 17.1
V: 0 0.95 0
146.506081223488 144.705878806114 19
146.506081223488 144.705878806114 17.1
151.535546255112 154.56522231102 19
V: 0.846251998350477 -0.4316915047668 0
151.535546255112 154.56522231102 19
146.506081223488 144.705878806114 17.1
151.535546255112 154.56522231102 17.1
V: 0.846251998350477 -0.4316915047668 0
146.506081223488 144.705878806114 19
146.506081223488 144.306716108322 19
146.506081223488 144.306716108322 17.1
V: 0.95 0 0
146.506081223488 144.705878806114 19
146.506081223488 144.306716108322 17.1
146.506081223488 144.705878806114 17.1
V: 0.95 0 0
153.906578016281 144.306716108322 19
153.906578016281 144.306716108322 17.1
146.506081223488 144.306716108322 17.1
V: 0 0.95 0
146.506081223488 144.306716108322 19
153.906578016281 144.306716108322 19
146.506081223488 144.306716108322 17.1
V: 0 0.95 0
153.906578016281 145.743703722954 19
153.906578016281 145.743703722954 17.1
153.906578016281 144.306716108322 17.1
V: -0.95 0 0
153.906578016281 144.306716108322 19
153.906578016281 145.743703722954 19
153.906578016281 144.306716108322 17.1
V: -0.95 0 0
148.685515451431 145.743703722954 19
148.685515451431 145.743703722954 17.1
153.906578016281 145.743703722954 19
V: 0 -0.95 0
153.906578016281 145.743703722954 19
148.685515451431 145.743703722954 17.1
153.906578016281 145.743703722954 17.1
V: 0 -0.95 0
159.5 150.42837228775 8.768319272995
159.5 154.110383319855 15.2670306205749
157.659197425842 150.427555084229 8.77115321159363
V: 0.0010878996454291 -0.826552832531603 0.468304635369271
159.5 154.110383319855 15.2670306205749
157.667568778992 154.109570646286 15.2698518753052
157.659197425842 150.427555084229 8.77115321159363
V: 0.00108758486821922 -0.826552794593002 0.468304703061643
159.5 154.110383319855 15.2670306205749
159.5 152.465924310684 15.2492297172546
157.667568778992 154.109570646286 15.2698518753052
V: -0.00146711560829526 0.0102829241778417 -0.949943213588131
159.5 152.465924310684 15.2492297172546
157.668270015717 152.465111637115 15.2520491600037
157.667568778992 154.109570646286 15.2698518753052
V: -0.00146673773993926 0.0102833453972734 -0.949943209611944
159.5 149.607506752014 10.1086879730225
157.661625480652 149.606691360474 10.1115173816681
159.5 152.465924310684 15.2492297172546
V: -0.00107881681833549 0.830273212799819 -0.461676540730996
159.5 152.465924310684 15.2492297172546
157.661625480652 149.606691360474 10.1115173816681
157.668270015717 152.465111637115 15.2520491600037
V: -0.0010789863008912 0.830273238383907 -0.461676494324827
159.5 149.607506752014 10.1086879730225
159.5 146.638474988937 15.18615193367
157.661625480652 149.606691360474 10.1115173816681
V: -0.000374314618928954 -0.82008486277446 -0.479542154285482
159.5 146.638474988937 15.18615193367
157.670757865906 146.637663674355 15.1889677524567
157.661625480652 149.606691360474 10.1115173816681
V: -0.000374448448908457 -0.820084883853597 -0.479542118132694
159.5 146.638474988937 15.18615193367
159.5 144.994015073776 15.1683510303497
157.670757865906 146.637663674355 15.1889677524567
V: -0.00146684278704288 0.0102829185178422 -0.949943214070711
159.5 144.994015073776 15.1683510303497
157.671459102631 144.993204212189 15.1711659431458
157.670757865906 146.637663674355 15.1889677524567
V: -0.00146693205405748 0.0102828191829494 -0.949943215008139
159.5 148.831810283661 8.75103750228882
157.659878730774 148.83099398613 8.75387053489685
159.5 144.994015073776 15.1683510303497
V: 0.000389008793838561 0.815323215681301 0.487593993649696
159.5 144.994015073776 15.1683510303497
157.659878730774 148.83099398613 8.75387053489685
157.671459102631 144.993204212189 15.1711659431458
V: 0.000389064448696593 0.815323222694131 0.48759398187889
159.5 148.88849811554 3.51430945396423
157.651791858673 148.887678194046 3.51715471744537
159.5 148.831810283661 8.75103750228882
V: -0.000405593561874214 0.949944257024972 0.0102831920694375
159.5 148.831810283661 8.75103750228882
157.651791858673 148.887678194046 3.51715471744537
157.659878730774 148.83099398613 8.75387053489685
V: -0.00040557357051337 0.949944257109916 0.0102831850109206
159.5 148.88849811554 3.51430945396423
159.5 150.485060119629 3.53159145116806
157.651110553741 150.484240198135 3.53443739414215
V: 0.00146678061760388 -0.0102826673664769 0.949943216885331
159.5 148.88849811554 3.51430945396423
157.651110553741 150.484240198135 3.53443739414215
157.651791858673 148.887678194046 3.51715471744537
V: 0.00146697197557983 -0.0102824456781516 0.949943218989482
159.5 150.485060119629 3.53159145116806
159.5 150.42837228775 8.768319272995
157.651110553741 150.484240198135 3.53443739414215
V: 0.000405440323145418 -0.949944257085566 -0.0102831925148595
159.5 150.42837228775 8.768319272995
157.659197425842 150.427555084229 8.77115321159363
157.651110553741 150.484240198135 3.53443739414215
V: 0.000405885682311235 -0.949944255192536 -0.0102833498195371
152.408456420898 142.296780377626 3.4953155875206
154.100904846191 142.296780377626 3.49533008337021
150.292120361328 142.301795488596 9.51928129196167
V: -6.77405059358593E-09 -0.94999967077949 0.000790897503003532
149.575431060791 142.300652128458 8.14592366218567
152.408456420898 142.296780377626 3.4953155875206
150.292120361328 142.301795488596 9.51928129196167
V: 2.8070193111689E-09 -0.949999670776688 0.000790900869016997
146.820161437988 142.296780377626 3.4953155875206
149.575431060791 142.300652128458 8.14592366218567
148.656314468384 142.301831501722 9.56260938644409
V: 2.91936177733476E-08 -0.94999967079251 0.000790881863204758
145.288327026367 142.296780377626 3.4953155875206
146.820161437988 142.296780377626 3.4953155875206
148.656314468384 142.301831501722 9.56260938644409
V: 0 -0.949999670785155 0.000790890698101232
149.575431060791 142.300652128458 8.14592366218567
150.292120361328 142.301795488596 9.51928129196167
148.656314468384 142.301831501722 9.56260938644409
V: 3.36663568430213E-08 -0.949999670790094 0.000790884765023963
148.656314468384 142.301831501722 9.56260938644409
150.292120361328 142.301795488596 9.51928129196167
149.558427429199 142.30283511281 10.7680914878845
V: 3.3718143492383E-08 -0.949999670788466 0.000790886720172201
150.292120361328 142.301795488596 9.51928129196167
153.895795822144 142.3064891994 15.1573314666748
152.350204849243 142.30651717186 15.1908241271973
V: -5.43311414439377E-08 -0.949999670764766 0.000790915187355424
149.558427429199 142.30283511281 10.7680914878845
150.292120361328 142.301795488596 9.51928129196167
152.350204849243 142.30651717186 15.1908241271973
V: 3.00522437541326E-08 -0.94999967079026 0.000790884566407864
148.656314468384 142.301831501722 9.56260938644409
149.558427429199 142.30283511281 10.7680914878845
147.059661865234 142.30651717186 15.1908241271973
V: 6.40853500083831E-09 -0.949999670771453 0.000790907157086752
148.656314468384 142.301831501722 9.56260938644409
147.059661865234 142.30651717186 15.1908241271973
145.494744300842 142.306512188911 15.1849388122559
V: 5.04742031925939E-08 -0.949999670761044 0.00079091965794507
148.685515451431 145.743703722954 17.1
146.506081223488 144.705878806114 17.1
146.506081223488 144.306716108322 17.1
V: 0 0 0.95
153.906578016281 144.306716108322 17.1
148.685515451431 145.743703722954 17.1
146.506081223488 144.306716108322 17.1
V: 0 0 0.95
153.906578016281 145.743703722954 17.1
148.685515451431 145.743703722954 17.1
153.906578016281 144.306716108322 17.1
V: 0 0 0.95
151.535546255112 154.56522231102 17.1
146.585913038254 156.0022149086 17.1
146.585913038254 154.56522231102 17.1
V: 0 0 0.95
153.730945396423 156.0022149086 17.1
146.585913038254 156.0022149086 17.1
151.535546255112 154.56522231102 17.1
V: 0 0 0.95
153.730945396423 156.0022149086 17.1
151.535546255112 154.56522231102 17.1
153.730945396423 155.603047227859 17.1
V: 0 0 0.95
151.535546255112 154.56522231102 17.1
146.506081223488 144.705878806114 17.1
148.685515451431 145.743703722954 17.1
V: 0 0 0.95
151.535546255112 154.56522231102 17.1
148.685515451431 145.743703722954 17.1
153.730945396423 155.603047227859 17.1
V: 0 0 0.95
157.659197425842 150.427555084229 8.77115321159363
157.651791858673 148.887678194046 3.51715471744537
157.651110553741 150.484240198135 3.53443739414215
V: 0.949998780890172 0.000421226726022104 -0.00146248939584148
157.659197425842 150.427555084229 8.77115321159363
157.659878730774 148.83099398613 8.75387053489685
157.651791858673 148.887678194046 3.51715471744537
V: 0.949998780889957 0.000421226965813695 -0.0014624894661209
157.661625480652 149.606691360474 10.1115173816681
157.659878730774 148.83099398613 8.75387053489685
157.659197425842 150.427555084229 8.77115321159363
V: 0.94999878019089 0.000421231865057996 -0.00146294208230273
157.670757865906 146.637663674355 15.1889677524567
157.671459102631 144.993204212189 15.1711659431458
157.659878730774 148.83099398613 8.75387053489685
V: 0.949998780862987 0.000420935155726328 -0.00146259100018856
157.670757865906 146.637663674355 15.1889677524567
157.659878730774 148.83099398613 8.75387053489685
157.661625480652 149.606691360474 10.1115173816681
V: 0.949998780846711 0.000420736122380623 -0.00146265883843224
157.668270015717 152.465111637115 15.2520491600037
157.661625480652 149.606691360474 10.1115173816681
157.659197425842 150.427555084229 8.77115321159363
V: 0.949998780518541 0.000421888204662384 -0.00146254012842468
157.667568778992 154.109570646286 15.2698518753052
157.668270015717 152.465111637115 15.2520491600037
157.659197425842 150.427555084229 8.77115321159363
V: 0.949998781405219 0.000420932273384038 -0.00146223959034919
# 19
