155.314729309082 159.5 18.1915813446045
155.314729309082 159.119998550415 10.4936908721924
155.314729309082 159.119998550415 18.1915813446045
V: -0.95 0 0
140.5 148.829456520081 16.2497608184814
140.5 153.078650283813 19.281538772583
140.5 149.447276878357 15.2874973297119
V: -0.95 0 0
146.900164031982 140.5 18.9601295471191
159.5 140.5 23.466809463501
145.1962059021 140.5 18.9601295471191
V: 0 -0.95 0
159.5 140.5 23.466809463501
159.5 159.5 4.46680946350098
159.5 159.5 23.466809463501
V: 0.95 0 0
159.5 159.5 23.466809463501
155.314729309082 159.5 10.4936908721924
155.314729309082 159.5 18.1915813446045
V: 0 0.95 0
142.4 142.4 4.46680946350098
157.6 142.4 4.46680946350098
159.5 140.5 4.46680946350098
V: 0 0 -0.95
142.4 142.4 23.466809463501
159.5 140.5 23.466809463501
157.6 142.4 23.466809463501
V: 0 0 0.95
157.6 157.6 23.466809463501
142.4 157.6 4.46680946350098
157.6 157.6 4.46680946350098
V: 0 -0.95 0
157.6 142.4 23.466809463501
157.6 157.6 4.46680946350098
157.6 142.4 4.46680946350098
V: -0.95 0 0
157.6 142.4 23.466809463501
142.4 142.4 4.46680946350098
142.4 142.4 23.466809463501
V: 0 0.95 0
142.4 142.4 23.466809463501
142.4 157.6 4.46680946350098
142.4 157.6 23.466809463501
V: 0.95 0 0
149.136627197266 140.879997825623 13.5117122650147
145.480194091797 140.5 8.65208015441895
145.480194091797 140.879997825623 8.65208015441895
V: 0.759121148901897 0 -0.571169923306421
145.1962059021 140.879997825623 18.9601295471191
149.136627197266 140.5 13.5117122650147
149.136627197266 140.879997825623 13.5117122650147
V: 0.769779403930425 0 0.556722255064875
146.900164031982 140.879997825623 18.9601295471191
145.1962059021 140.5 18.9601295471191
145.1962059021 140.879997825623 18.9601295471191
V: 0 0 -0.95
146.900164031982 140.879997825623 18.9601295471191
149.518244934082 140.5 15.2824455261231
146.900164031982 140.5 18.9601295471191
V: -0.773925303693056 0 -0.550944302360603
149.518244934082 140.879997825623 15.2824455261231
149.740118408203 140.5 14.9529041290283
149.518244934082 140.5 15.2824455261231
V: -0.788034397091581 0 -0.53056742172933
149.740118408203 140.879997825623 14.9529041290283
149.975299072266 140.5 14.5926097869873
149.740118408203 140.5 14.9529041290283
V: -0.795521790844245 0 -0.519273608314505
150.135057830811 140.879997825623 14.8518463134766
149.975299072266 140.5 14.5926097869873
149.975299072266 140.879997825623 14.5926097869873
V: 0.808756923223896 0 -0.498409710115501
150.272608947754 140.879997825623 15.0671459197998
150.135057830811 140.5 14.8518463134766
150.135057830811 140.879997825623 14.8518463134766
V: 0.800563824361532 0 -0.511466091861072
150.383545684814 140.879997825623 15.238508605957
150.272608947754 140.5 15.0671459197998
150.272608947754 140.879997825623 15.0671459197998
V: 0.797474890694883 0 -0.516269114620644
150.472303771973 140.879997825623 15.3659343719482
150.383545684814 140.5 15.238508605957
150.383545684814 140.879997825623 15.238508605957
V: 0.779532647859897 0 -0.542981446202849
153.081498718262 140.879997825623 18.9601295471191
150.472303771973 140.5 15.3659343719482
150.472303771973 140.879997825623 15.3659343719482
V: 0.76878382471818 0 -0.558096255901872
154.736663818359 140.879997825623 18.9601295471191
153.081498718262 140.5 18.9601295471191
153.081498718262 140.879997825623 18.9601295471191
V: 0 0 -0.95
154.736663818359 140.879997825623 18.9601295471191
150.711920166016 140.5 13.5864093780518
154.736663818359 140.5 18.9601295471191
V: -0.760376548158639 0 0.569497589995211
150.711920166016 140.879997825623 13.5864093780518
154.261852264404 140.5 8.65208015441895
150.711920166016 140.5 13.5864093780518
V: -0.771163957527547 0 -0.554802803354897
154.261852264404 140.879997825623 8.65208015441895
152.620008850098 140.5 8.65208015441895
154.261852264404 140.5 8.65208015441895
V: 0 0 0.95
150.734098815918 140.879997825623 11.29719581604
152.620008850098 140.5 8.65208015441895
152.620008850098 140.879997825623 8.65208015441895
V: 0.773524838042408 0 0.551506414225135
150.458982086182 140.879997825623 11.6838581085205
150.734098815918 140.5 11.29719581604
150.734098815918 140.879997825623 11.29719581604
V: 0.77405920756879 0 0.550756155823951
150.2282371521 140.879997825623 12.026583480835
150.458982086182 140.5 11.6838581085205
150.458982086182 140.879997825623 11.6838581085205
V: 0.788039766375895 0 0.530559446820264
150.041864013672 140.879997825623 12.3165729522705
150.2282371521 140.5 12.026583480835
150.2282371521 140.879997825623 12.026583480835
V: 0.799180551186289 0 0.513624811127324
149.895426940918 140.879997825623 12.5626327514648
150.041864013672 140.5 12.3165729522705
150.041864013672 140.879997825623 12.3165729522705
V: 0.816367745246892 0 0.485843292143162
149.895426940918 140.879997825623 12.5626327514648
149.513809204102 140.5 11.9870315551758
149.895426940918 140.5 12.5626327514648
V: -0.791788878534311 0 0.524947970592684
149.513809204102 140.879997825623 11.9870315551758
149.070076751709 140.5 11.3894691467285
149.513809204102 140.5 11.9870315551758
V: -0.762711153527156 0 0.56636710381631
149.070076751709 140.879997825623 11.3894691467285
146.97560043335 140.5 8.65208015441895
149.070076751709 140.5 11.3894691467285
V: -0.754483130211715 0 0.577282605164864
146.97560043335 140.879997825623 8.65208015441895
145.480194091797 140.5 8.65208015441895
146.97560043335 140.5 8.65208015441895
V: 0 0 0.95
149.070076751709 140.879997825623 11.3894691467285
145.480194091797 140.879997825623 8.65208015441895
146.97560043335 140.879997825623 8.65208015441895
V: 0 -0.95 0
140.88000869751 145.202529716492 19.281538772583
140.5 149.362827682495 13.3410091400146
140.5 145.202529716492 19.281538772583
V: 0 0.778151706540799 0.544958642107493
140.88000869751 149.362827682495 13.3410091400146
140.5 149.362827682495 8.97348937988282
140.5 149.362827682495 13.3410091400146
V: 0 0.95 0
140.88000869751 150.740705299377 8.97348937988282
140.5 149.362827682495 8.97348937988282
140.88000869751 149.362827682495 8.97348937988282
V: 0 0 0.95
140.88000869751 150.740705299377 13.3410091400146
140.5 150.740705299377 8.97348937988282
140.88000869751 150.740705299377 8.97348937988282
V: 0 -0.95 0
140.88000869751 154.758773612976 19.281538772583
140.5 150.740705299377 13.3410091400146
140.88000869751 150.740705299377 13.3410091400146
V: 0 -0.786901531729483 0.532246164252776
140.88000869751 154.758773612976 19.281538772583
140.5 153.078650283813 19.281538772583
140.5 154.758773612976 19.281538772583
V: 0 0 -0.95
140.88000869751 153.078650283813 19.281538772583
140.5 151.025168228149 16.1750637054443
140.5 153.078650283813 19.281538772583
V: 0 0.792502420332519 -0.52387013063077
140.88000869751 151.025168228149 16.1750637054443
140.5 150.474017906189 15.3006813049316
140.5 151.025168228149 16.1750637054443
V: 0 0.80366695226959 -0.506576183638461
140.88000869751 150.474017906189 15.3006813049316
140.5 149.967315483093 14.4306911468506
140.5 150.474017906189 15.3006813049316
V: 0 0.82091495929961 -0.478119890402104
140.88000869751 149.718410873413 14.8481063842773
140.5 149.967315483093 14.4306911468506
140.88000869751 149.967315483093 14.4306911468506
V: 0 -0.815947251488139 -0.486549157628448
140.88000869751 149.447276878357 15.2874973297119
140.5 149.718410873413 14.8481063842773
140.88000869751 149.718410873413 14.8481063842773
V: 0 -0.808467410546447 -0.498879189868973
140.88000869751 148.829456520081 16.2497608184814
140.5 149.447276878357 15.2874973297119
140.88000869751 149.447276878357 15.2874973297119
V: 0 -0.799413269525564 -0.513262529809501
140.88000869751 146.807089805603 19.281538772583
140.5 148.829456520081 16.2497608184814
140.88000869751 148.829456520081 16.2497608184814
V: 0 -0.790305613961216 -0.527178372603984
140.88000869751 146.807089805603 19.281538772583
140.5 145.202529716492 19.281538772583
140.5 146.807089805603 19.281538772583
V: 0 0 -0.95
140.88000869751 149.362827682495 13.3410091400146
140.88000869751 150.740705299377 8.97348937988282
140.88000869751 149.362827682495 8.97348937988282
V: -0.95 0 0
155.314729309082 159.5 18.1915813446045
154.09762878418 159.119998550415 18.1915813446045
154.09762878418 159.5 18.1915813446045
V: 0 0 -0.95
154.09762878418 159.5 18.1915813446045
146.948783111572 159.119998550415 12.1569808959961
146.948783111572 159.5 12.1569808959961
V: 0.612791206090056 0 -0.725938659763133
146.948783111572 159.5 12.1569808959961
146.223787689209 159.119998550415 11.5063274383545
146.223787689209 159.5 11.5063274383545
V: 0.634523189040279 0 -0.707022151399907
146.223787689209 159.5 18.3656982421875
146.223787689209 159.119998550415 11.5063274383545
146.223787689209 159.119998550415 18.3656982421875
V: -0.95 0 0
146.223787689209 159.5 18.3656982421875
145.006687164307 159.119998550415 18.3656982421875
145.006687164307 159.5 18.3656982421875
V: 0 0 -0.95
145.006687164307 159.5 18.3656982421875
145.006687164307 159.119998550415 9.87052879333497
145.006687164307 159.5 9.87052879333497
V: 0.95 0 0
146.272116851807 159.5 9.87052879333497
145.006687164307 159.119998550415 9.87052879333497
146.272116851807 159.119998550415 9.87052879333497
V: 0 0 0.95
152.876121520996 159.5 15.3781833648682
146.272116851807 159.119998550415 9.87052879333497
152.876121520996 159.119998550415 15.3781833648682
V: -0.608456617701982 0 0.72957559195375
153.530812072754 159.5 15.9509433746338
152.876121520996 159.119998550415 15.3781833648682
153.530812072754 159.119998550415 15.9509433746338
V: -0.62552109428396 0 0.714998853569568
154.09762878418 159.5 16.4916313171387
153.530812072754 159.119998550415 15.9509433746338
154.09762878418 159.119998550415 16.4916313171387
V: -0.655720704044218 0 0.687408436293704
154.09762878418 159.5 16.4916313171387
154.09762878418 159.119998550415 10.4936908721924
154.09762878418 159.5 10.4936908721924
V: 0.95 0 0
155.314729309082 159.5 10.4936908721924
154.09762878418 159.119998550415 10.4936908721924
155.314729309082 159.119998550415 10.4936908721924
V: 0 0 0.95
140.5 148.829456520081 16.2497608184814
140.5 146.807089805603 19.281538772583
140.5 153.078650283813 19.281538772583
V: -0.95 0 0
140.5 159.5 23.466809463501
140.5 153.078650283813 19.281538772583
140.5 146.807089805603 19.281538772583
V: -0.95 0 0
140.5 153.078650283813 19.281538772583
140.5 159.5 23.466809463501
140.5 154.758773612976 19.281538772583
V: -0.95 0 0
140.5 159.5 4.46680946350098
140.5 154.758773612976 19.281538772583
140.5 159.5 23.466809463501
V: -0.95 0 0
140.5 154.758773612976 19.281538772583
140.5 159.5 4.46680946350098
140.5 150.740705299377 13.3410091400146
V: -0.95 0 0
140.5 150.740705299377 8.97348937988282
140.5 150.740705299377 13.3410091400146
140.5 159.5 4.46680946350098
V: -0.95 0 0
140.5 149.362827682495 8.97348937988282
140.5 150.740705299377 8.97348937988282
140.5 159.5 4.46680946350098
V: -0.95 0 0
140.5 149.362827682495 8.97348937988282
140.5 159.5 4.46680946350098
140.5 140.5 4.46680946350098
V: -0.95 0 0
140.5 149.362827682495 8.97348937988282
140.5 140.5 4.46680946350098
140.5 140.5 23.466809463501
V: -0.95 0 0
140.5 149.362827682495 8.97348937988282
140.5 140.5 23.466809463501
140.5 145.202529716492 19.281538772583
V: -0.95 0 0
140.5 149.362827682495 8.97348937988282
140.5 145.202529716492 19.281538772583
140.5 149.362827682495 13.3410091400146
V: -0.95 0 0
140.5 149.718410873413 14.8481063842773
140.5 149.447276878357 15.2874973297119
140.5 153.078650283813 19.281538772583
V: -0.95 0 0
140.5 149.718410873413 14.8481063842773
140.5 153.078650283813 19.281538772583
140.5 151.025168228149 16.1750637054443
V: -0.95 0 0
140.5 149.718410873413 14.8481063842773
140.5 151.025168228149 16.1750637054443
140.5 150.474017906189 15.3006813049316
V: -0.95 0 0
140.5 149.718410873413 14.8481063842773
140.5 150.474017906189 15.3006813049316
140.5 149.967315483093 14.4306911468506
V: -0.95 0 0
140.5 145.202529716492 19.281538772583
140.5 140.5 23.466809463501
140.5 159.5 23.466809463501
V: -0.95 0 0
140.5 145.202529716492 19.281538772583
140.5 159.5 23.466809463501
140.5 146.807089805603 19.281538772583
V: -0.95 0 0
150.272608947754 140.5 15.0671459197998
150.383545684814 140.5 15.238508605957
149.518244934082 140.5 15.2824455261231
V: 0 -0.95 0
150.472303771973 140.5 15.3659343719482
149.518244934082 140.5 15.2824455261231
150.383545684814 140.5 15.238508605957
V: 0 -0.95 0
149.518244934082 140.5 15.2824455261231
150.472303771973 140.5 15.3659343719482
146.900164031982 140.5 18.9601295471191
V: 0 -0.95 0
153.081498718262 140.5 18.9601295471191
146.900164031982 140.5 18.9601295471191
150.472303771973 140.5 15.3659343719482
V: 0 -0.95 0
146.900164031982 140.5 18.9601295471191
153.081498718262 140.5 18.9601295471191
159.5 140.5 23.466809463501
V: 0 -0.95 0
154.736663818359 140.5 18.9601295471191
159.5 140.5 23.466809463501
153.081498718262 140.5 18.9601295471191
V: 0 -0.95 0
159.5 140.5 23.466809463501
154.736663818359 140.5 18.9601295471191
150.711920166016 140.5 13.5864093780518
V: 0 -0.95 0
149.740118408203 140.5 14.9529041290283
149.975299072266 140.5 14.5926097869873
150.135057830811 140.5 14.8518463134766
V: 0 -0.95 0
149.740118408203 140.5 14.9529041290283
150.135057830811 140.5 14.8518463134766
150.272608947754 140.5 15.0671459197998
V: 0 -0.95 0
149.740118408203 140.5 14.9529041290283
150.272608947754 140.5 15.0671459197998
149.518244934082 140.5 15.2824455261231
V: 0 -0.95 0
154.261852264404 140.5 8.65208015441895
152.620008850098 140.5 8.65208015441895
145.480194091797 140.5 8.65208015441895
V: NaN NaN NaN
154.261852264404 140.5 8.65208015441895
145.480194091797 140.5 8.65208015441895
140.5 140.5 4.46680946350098
V: 0 -0.95 0
154.261852264404 140.5 8.65208015441895
140.5 140.5 4.46680946350098
159.5 140.5 4.46680946350098
V: 0 -0.95 0
154.261852264404 140.5 8.65208015441895
159.5 140.5 4.46680946350098
159.5 140.5 23.466809463501
V: 0 -0.95 0
154.261852264404 140.5 8.65208015441895
159.5 140.5 23.466809463501
150.711920166016 140.5 13.5864093780518
V: 0 -0.95 0
140.5 140.5 23.466809463501
140.5 140.5 4.46680946350098
145.480194091797 140.5 8.65208015441895
V: 0 -0.95 0
140.5 140.5 23.466809463501
145.480194091797 140.5 8.65208015441895
149.136627197266 140.5 13.5117122650147
V: 0 -0.95 0
140.5 140.5 23.466809463501
149.136627197266 140.5 13.5117122650147
145.1962059021 140.5 18.9601295471191
V: 0 -0.95 0
140.5 140.5 23.466809463501
145.1962059021 140.5 18.9601295471191
159.5 140.5 23.466809463501
V: 0 -0.95 0
145.480194091797 140.5 8.65208015441895
152.620008850098 140.5 8.65208015441895
146.97560043335 140.5 8.65208015441895
V: NaN NaN NaN
150.734098815918 140.5 11.29719581604
146.97560043335 140.5 8.65208015441895
152.620008850098 140.5 8.65208015441895
V: 0 -0.95 0
146.97560043335 140.5 8.65208015441895
150.734098815918 140.5 11.29719581604
149.070076751709 140.5 11.3894691467285
V: 0 -0.95 0
150.458982086182 140.5 11.6838581085205
149.070076751709 140.5 11.3894691467285
150.734098815918 140.5 11.29719581604
V: 0 -0.95 0
149.070076751709 140.5 11.3894691467285
150.458982086182 140.5 11.6838581085205
149.513809204102 140.5 11.9870315551758
V: 0 -0.95 0
150.2282371521 140.5 12.026583480835
149.513809204102 140.5 11.9870315551758
150.458982086182 140.5 11.6838581085205
V: 0 -0.95 0
149.513809204102 140.5 11.9870315551758
150.2282371521 140.5 12.026583480835
150.041864013672 140.5 12.3165729522705
V: 0 -0.95 0
149.513809204102 140.5 11.9870315551758
150.041864013672 140.5 12.3165729522705
149.895426940918 140.5 12.5626327514648
V: 0 -0.95 0
159.5 140.5 23.466809463501
159.5 140.5 4.46680946350098
159.5 159.5 4.46680946350098
V: 0.95 0 0
159.5 159.5 23.466809463501
159.5 159.5 4.46680946350098
155.314729309082 159.5 10.4936908721924
V: 0 0.95 0
146.272116851807 159.5 9.87052879333497
155.314729309082 159.5 10.4936908721924
159.5 159.5 4.46680946350098
V: 0 0.95 0
155.314729309082 159.5 10.4936908721924
146.272116851807 159.5 9.87052879333497
154.09762878418 159.5 10.4936908721924
V: 0 0.95 0
152.876121520996 159.5 15.3781833648682
154.09762878418 159.5 10.4936908721924
146.272116851807 159.5 9.87052879333497
V: 0 0.95 0
154.09762878418 159.5 10.4936908721924
152.876121520996 159.5 15.3781833648682
153.530812072754 159.5 15.9509433746338
V: 0 0.95 0
145.006687164307 159.5 9.87052879333497
146.272116851807 159.5 9.87052879333497
159.5 159.5 4.46680946350098
V: 0 0.95 0
145.006687164307 159.5 9.87052879333497
159.5 159.5 4.46680946350098
140.5 159.5 4.46680946350098
V: 0 0.95 0
145.006687164307 159.5 9.87052879333497
140.5 159.5 4.46680946350098
140.5 159.5 23.466809463501
V: 0 0.95 0
145.006687164307 159.5 9.87052879333497
140.5 159.5 23.466809463501
145.006687164307 159.5 18.3656982421875
V: 0 0.95 0
146.223787689209 159.5 18.3656982421875
145.006687164307 159.5 18.3656982421875
140.5 159.5 23.466809463501
V: 0 0.95 0
146.223787689209 159.5 18.3656982421875
140.5 159.5 23.466809463501
159.5 159.5 23.466809463501
V: 0 0.95 0
146.223787689209 159.5 18.3656982421875
159.5 159.5 23.466809463501
155.314729309082 159.5 18.1915813446045
V: 0 0.95 0
146.223787689209 159.5 18.3656982421875
155.314729309082 159.5 18.1915813446045
154.09762878418 159.5 18.1915813446045
V: 0 0.95 0
146.223787689209 159.5 18.3656982421875
154.09762878418 159.5 18.1915813446045
146.948783111572 159.5 12.1569808959961
V: 0 0.95 0
146.223787689209 159.5 18.3656982421875
146.948783111572 159.5 12.1569808959961
146.223787689209 159.5 11.5063274383545
V: 0 0.95 0
154.09762878418 159.5 10.4936908721924
153.530812072754 159.5 15.9509433746338
154.09762878418 159.5 16.4916313171387
V: 0 0.95 0
159.5 140.5 4.46680946350098
140.5 140.5 4.46680946350098
142.4 142.4 4.46680946350098
V: 0 0 -0.95
140.5 159.5 4.46680946350098
142.4 142.4 4.46680946350098
140.5 140.5 4.46680946350098
V: 0 0 -0.95
142.4 142.4 4.46680946350098
140.5 159.5 4.46680946350098
142.4 157.6 4.46680946350098
V: 0 0 -0.95
159.5 159.5 4.46680946350098
142.4 157.6 4.46680946350098
140.5 159.5 4.46680946350098
V: 0 0 -0.95
142.4 157.6 4.46680946350098
159.5 159.5 4.46680946350098
157.6 157.6 4.46680946350098
V: 0 0 -0.95
159.5 140.5 4.46680946350098
157.6 157.6 4.46680946350098
159.5 159.5 4.46680946350098
V: 0 0 -0.95
157.6 157.6 4.46680946350098
159.5 140.5 4.46680946350098
157.6 142.4 4.46680946350098
V: 0 0 -0.95
157.6 142.4 23.466809463501
159.5 140.5 23.466809463501
157.6 157.6 23.466809463501
V: 0 0 0.95
159.5 159.5 23.466809463501
157.6 157.6 23.466809463501
159.5 140.5 23.466809463501
V: 0 0 0.95
157.6 157.6 23.466809463501
159.5 159.5 23.466809463501
142.4 157.6 23.466809463501
V: 0 0 0.95
140.5 159.5 23.466809463501
142.4 157.6 23.466809463501
159.5 159.5 23.466809463501
V: 0 0 0.95
142.4 157.6 23.466809463501
140.5 159.5 23.466809463501
142.4 142.4 23.466809463501
V: 0 0 0.95
140.5 140.5 23.466809463501
142.4 142.4 23.466809463501
140.5 159.5 23.466809463501
V: 0 0 0.95
142.4 142.4 23.466809463501
140.5 140.5 23.466809463501
159.5 140.5 23.466809463501
V: 0 0 0.95
157.6 157.6 23.466809463501
142.4 157.6 23.466809463501
142.4 157.6 4.46680946350098
V: 0 -0.95 0
157.6 142.4 23.466809463501
157.6 157.6 23.466809463501
157.6 157.6 4.46680946350098
V: -0.95 0 0
157.6 142.4 23.466809463501
157.6 142.4 4.46680946350098
142.4 142.4 4.46680946350098
V: 0 0.95 0
142.4 142.4 23.466809463501
142.4 142.4 4.46680946350098
142.4 157.6 4.46680946350098
V: 0.95 0 0
149.136627197266 140.879997825623 13.5117122650147
149.136627197266 140.5 13.5117122650147
145.480194091797 140.5 8.65208015441895
V: 0.759121148901897 0 -0.571169923306421
145.1962059021 140.879997825623 18.9601295471191
145.1962059021 140.5 18.9601295471191
149.136627197266 140.5 13.5117122650147
V: 0.769779403930425 0 0.556722255064875
146.900164031982 140.879997825623 18.9601295471191
146.900164031982 140.5 18.9601295471191
145.1962059021 140.5 18.9601295471191
V: 0 0 -0.95
146.900164031982 140.879997825623 18.9601295471191
149.518244934082 140.879997825623 15.2824455261231
149.518244934082 140.5 15.2824455261231
V: -0.773925303693056 0 -0.550944302360603
149.518244934082 140.879997825623 15.2824455261231
149.740118408203 140.879997825623 14.9529041290283
149.740118408203 140.5 14.9529041290283
V: -0.788034397091581 0 -0.53056742172933
149.740118408203 140.879997825623 14.9529041290283
149.975299072266 140.879997825623 14.5926097869873
149.975299072266 140.5 14.5926097869873
V: -0.795521790844245 0 -0.519273608314505
150.135057830811 140.879997825623 14.8518463134766
150.135057830811 140.5 14.8518463134766
149.975299072266 140.5 14.5926097869873
V: 0.808756923223896 0 -0.498409710115501
150.272608947754 140.879997825623 15.0671459197998
150.272608947754 140.5 15.0671459197998
150.135057830811 140.5 14.8518463134766
V: 0.800563824361532 0 -0.511466091861072
150.383545684814 140.879997825623 15.238508605957
150.383545684814 140.5 15.238508605957
150.272608947754 140.5 15.0671459197998
V: 0.797474890694883 0 -0.516269114620644
150.472303771973 140.879997825623 15.3659343719482
150.472303771973 140.5 15.3659343719482
150.383545684814 140.5 15.238508605957
V: 0.779532647859897 0 -0.542981446202849
153.081498718262 140.879997825623 18.9601295471191
153.081498718262 140.5 18.9601295471191
150.472303771973 140.5 15.3659343719482
V: 0.76878382471818 0 -0.558096255901872
154.736663818359 140.879997825623 18.9601295471191
154.736663818359 140.5 18.9601295471191
153.081498718262 140.5 18.9601295471191
V: 0 0 -0.95
154.736663818359 140.879997825623 18.9601295471191
150.711920166016 140.879997825623 13.5864093780518
150.711920166016 140.5 13.5864093780518
V: -0.760376548158639 0 0.569497589995211
150.711920166016 140.879997825623 13.5864093780518
154.261852264404 140.879997825623 8.65208015441895
154.261852264404 140.5 8.65208015441895
V: -0.771163957527547 0 -0.554802803354897
154.261852264404 140.879997825623 8.65208015441895
152.620008850098 140.879997825623 8.65208015441895
152.620008850098 140.5 8.65208015441895
V: 0 0 0.95
150.734098815918 140.879997825623 11.29719581604
150.734098815918 140.5 11.29719581604
152.620008850098 140.5 8.65208015441895
V: 0.773524838042408 0 0.551506414225135
150.458982086182 140.879997825623 11.6838581085205
150.458982086182 140.5 11.6838581085205
150.734098815918 140.5 11.29719581604
V: 0.77405920756879 0 0.550756155823951
150.2282371521 140.879997825623 12.026583480835
150.2282371521 140.5 12.026583480835
150.458982086182 140.5 11.6838581085205
V: 0.788039766375895 0 0.530559446820264
150.041864013672 140.879997825623 12.3165729522705
150.041864013672 140.5 12.3165729522705
150.2282371521 140.5 12.026583480835
V: 0.799180551186289 0 0.513624811127324
149.895426940918 140.879997825623 12.5626327514648
149.895426940918 140.5 12.5626327514648
150.041864013672 140.5 12.3165729522705
V: 0.816367745246892 0 0.485843292143162
149.895426940918 140.879997825623 12.5626327514648
149.513809204102 140.879997825623 11.9870315551758
149.513809204102 140.5 11.9870315551758
V: -0.791788878534311 0 0.524947970592684
149.513809204102 140.879997825623 11.9870315551758
149.070076751709 140.879997825623 11.3894691467285
149.070076751709 140.5 11.3894691467285
V: -0.762711153527156 0 0.56636710381631
149.070076751709 140.879997825623 11.3894691467285
146.97560043335 140.879997825623 8.65208015441895
146.97560043335 140.5 8.65208015441895
V: -0.754483130211715 0 0.577282605164864
146.97560043335 140.879997825623 8.65208015441895
145.480194091797 140.879997825623 8.65208015441895
145.480194091797 140.5 8.65208015441895
V: 0 0 0.95
149.136627197266 140.879997825623 13.5117122650147
145.480194091797 140.879997825623 8.65208015441895
149.070076751709 140.879997825623 11.3894691467285
V: 0 -0.95 0
149.136627197266 140.879997825623 13.5117122650147
149.070076751709 140.879997825623 11.3894691467285
149.513809204102 140.879997825623 11.9870315551758
V: 0 -0.95 0
149.136627197266 140.879997825623 13.5117122650147
149.513809204102 140.879997825623 11.9870315551758
149.895426940918 140.879997825623 12.5626327514648
V: 0 -0.95 0
149.136627197266 140.879997825623 13.5117122650147
149.895426940918 140.879997825623 12.5626327514648
150.711920166016 140.879997825623 13.5864093780518
V: 0 -0.95 0
149.136627197266 140.879997825623 13.5117122650147
150.711920166016 140.879997825623 13.5864093780518
145.1962059021 140.879997825623 18.9601295471191
V: 0 -0.95 0
145.1962059021 140.879997825623 18.9601295471191
150.711920166016 140.879997825623 13.5864093780518
149.975299072266 140.879997825623 14.5926097869873
V: 0 -0.95 0
145.1962059021 140.879997825623 18.9601295471191
149.975299072266 140.879997825623 14.5926097869873
149.740118408203 140.879997825623 14.9529041290283
V: 0 -0.95 0
145.1962059021 140.879997825623 18.9601295471191
149.740118408203 140.879997825623 14.9529041290283
149.518244934082 140.879997825623 15.2824455261231
V: 0 -0.95 0
145.1962059021 140.879997825623 18.9601295471191
149.518244934082 140.879997825623 15.2824455261231
146.900164031982 140.879997825623 18.9601295471191
V: 0 -0.95 0
150.711920166016 140.879997825623 13.5864093780518
149.895426940918 140.879997825623 12.5626327514648
150.041864013672 140.879997825623 12.3165729522705
V: 0 -0.95 0
150.711920166016 140.879997825623 13.5864093780518
150.041864013672 140.879997825623 12.3165729522705
150.2282371521 140.879997825623 12.026583480835
V: 0 -0.95 0
150.711920166016 140.879997825623 13.5864093780518
150.2282371521 140.879997825623 12.026583480835
150.458982086182 140.879997825623 11.6838581085205
V: 0 -0.95 0
150.711920166016 140.879997825623 13.5864093780518
150.458982086182 140.879997825623 11.6838581085205
150.734098815918 140.879997825623 11.29719581604
V: 0 -0.95 0
150.711920166016 140.879997825623 13.5864093780518
150.734098815918 140.879997825623 11.29719581604
152.620008850098 140.879997825623 8.65208015441895
V: 0 -0.95 0
150.711920166016 140.879997825623 13.5864093780518
152.620008850098 140.879997825623 8.65208015441895
154.261852264404 140.879997825623 8.65208015441895
V: 0 -0.95 0
154.736663818359 140.879997825623 18.9601295471191
153.081498718262 140.879997825623 18.9601295471191
150.472303771973 140.879997825623 15.3659343719482
V: 0 -0.95 0
154.736663818359 140.879997825623 18.9601295471191
150.472303771973 140.879997825623 15.3659343719482
150.383545684814 140.879997825623 15.238508605957
V: 0 -0.95 0
154.736663818359 140.879997825623 18.9601295471191
150.383545684814 140.879997825623 15.238508605957
150.272608947754 140.879997825623 15.0671459197998
V: 0 -0.95 0
154.736663818359 140.879997825623 18.9601295471191
150.272608947754 140.879997825623 15.0671459197998
150.135057830811 140.879997825623 14.8518463134766
V: 0 -0.95 0
154.736663818359 140.879997825623 18.9601295471191
150.135057830811 140.879997825623 14.8518463134766
149.975299072266 140.879997825623 14.5926097869873
V: 0 -0.95 0
154.736663818359 140.879997825623 18.9601295471191
149.975299072266 140.879997825623 14.5926097869873
150.711920166016 140.879997825623 13.5864093780518
V: 0 -0.95 0
140.88000869751 145.202529716492 19.281538772583
140.88000869751 149.362827682495 13.3410091400146
140.5 149.362827682495 13.3410091400146
V: 0 0.778151706540799 0.544958642107493
140.88000869751 149.362827682495 13.3410091400146
140.88000869751 149.362827682495 8.97348937988282
140.5 149.362827682495 8.97348937988282
V: 0 0.95 0
140.88000869751 150.740705299377 8.97348937988282
140.5 150.740705299377 8.97348937988282
140.5 149.362827682495 8.97348937988282
V: 0 0 0.95
140.88000869751 150.740705299377 13.3410091400146
140.5 150.740705299377 13.3410091400146
140.5 150.740705299377 8.97348937988282
V: 0 -0.95 0
140.88000869751 154.758773612976 19.281538772583
140.5 154.758773612976 19.281538772583
140.5 150.740705299377 13.3410091400146
V: 0 -0.786901531729483 0.532246164252776
140.88000869751 154.758773612976 19.281538772583
140.88000869751 153.078650283813 19.281538772583
140.5 153.078650283813 19.281538772583
V: 0 0 -0.95
140.88000869751 153.078650283813 19.281538772583
140.88000869751 151.025168228149 16.1750637054443
140.5 151.025168228149 16.1750637054443
V: 0 0.792502420332519 -0.52387013063077
140.88000869751 151.025168228149 16.1750637054443
140.88000869751 150.474017906189 15.3006813049316
140.5 150.474017906189 15.3006813049316
V: 0 0.80366695226959 -0.506576183638461
140.88000869751 150.474017906189 15.3006813049316
140.88000869751 149.967315483093 14.4306911468506
140.5 149.967315483093 14.4306911468506
V: 0 0.82091495929961 -0.478119890402104
140.88000869751 149.718410873413 14.8481063842773
140.5 149.718410873413 14.8481063842773
140.5 149.967315483093 14.4306911468506
V: 0 -0.815947251488139 -0.486549157628448
140.88000869751 149.447276878357 15.2874973297119
140.5 149.447276878357 15.2874973297119
140.5 149.718410873413 14.8481063842773
V: 0 -0.808467410546447 -0.498879189868973
140.88000869751 148.829456520081 16.2497608184814
140.5 148.829456520081 16.2497608184814
140.5 149.447276878357 15.2874973297119
V: 0 -0.799413269525564 -0.513262529809501
140.88000869751 146.807089805603 19.281538772583
140.5 146.807089805603 19.281538772583
140.5 148.829456520081 16.2497608184814
V: 0 -0.790305613961216 -0.527178372603984
140.88000869751 146.807089805603 19.281538772583
140.88000869751 145.202529716492 19.281538772583
140.5 145.202529716492 19.281538772583
V: 0 0 -0.95
140.88000869751 149.718410873413 14.8481063842773
140.88000869751 149.967315483093 14.4306911468506
140.88000869751 150.740705299377 8.97348937988282
V: -0.95 0 0
140.88000869751 150.474017906189 15.3006813049316
140.88000869751 150.740705299377 8.97348937988282
140.88000869751 149.967315483093 14.4306911468506
V: -0.95 0 0
140.88000869751 150.740705299377 8.97348937988282
140.88000869751 150.474017906189 15.3006813049316
140.88000869751 150.740705299377 13.3410091400146
V: -0.95 0 0
140.88000869751 151.025168228149 16.1750637054443
140.88000869751 150.740705299377 13.3410091400146
140.88000869751 150.474017906189 15.3006813049316
V: -0.95 0 0
140.88000869751 150.740705299377 13.3410091400146
140.88000869751 151.025168228149 16.1750637054443
140.88000869751 154.758773612976 19.281538772583
V: -0.95 0 0
140.88000869751 153.078650283813 19.281538772583
140.88000869751 154.758773612976 19.281538772583
140.88000869751 151.025168228149 16.1750637054443
V: -0.95 0 0
140.88000869751 146.807089805603 19.281538772583
140.88000869751 148.829456520081 16.2497608184814
140.88000869751 149.362827682495 13.3410091400146
V: -0.95 0 0
140.88000869751 149.447276878357 15.2874973297119
140.88000869751 149.362827682495 13.3410091400146
140.88000869751 148.829456520081 16.2497608184814
V: -0.95 0 0
140.88000869751 149.362827682495 13.3410091400146
140.88000869751 149.447276878357 15.2874973297119
140.88000869751 150.740705299377 8.97348937988282
V: -0.95 0 0
140.88000869751 149.718410873413 14.8481063842773
140.88000869751 150.740705299377 8.97348937988282
140.88000869751 149.447276878357 15.2874973297119
V: -0.95 0 0
140.88000869751 146.807089805603 19.281538772583
140.88000869751 149.362827682495 13.3410091400146
140.88000869751 145.202529716492 19.281538772583
V: -0.95 0 0
155.314729309082 159.5 18.1915813446045
155.314729309082 159.119998550415 18.1915813446045
154.09762878418 159.119998550415 18.1915813446045
V: 0 0 -0.95
154.09762878418 159.5 18.1915813446045
154.09762878418 159.119998550415 18.1915813446045
146.948783111572 159.119998550415 12.1569808959961
V: 0.612791206090056 0 -0.725938659763133
146.948783111572 159.5 12.1569808959961
146.948783111572 159.119998550415 12.1569808959961
146.223787689209 159.119998550415 11.5063274383545
V: 0.634523189040279 0 -0.707022151399907
146.223787689209 159.5 18.3656982421875
146.223787689209 159.5 11.5063274383545
146.223787689209 159.119998550415 11.5063274383545
V: -0.95 0 0
146.223787689209 159.5 18.3656982421875
146.223787689209 159.119998550415 18.3656982421875
145.006687164307 159.119998550415 18.3656982421875
V: 0 0 -0.95
145.006687164307 159.5 18.3656982421875
145.006687164307 159.119998550415 18.3656982421875
145.006687164307 159.119998550415 9.87052879333497
V: 0.95 0 0
146.272116851807 159.5 9.87052879333497
145.006687164307 159.5 9.87052879333497
145.006687164307 159.119998550415 9.87052879333497
V: 0 0 0.95
152.876121520996 159.5 15.3781833648682
146.272116851807 159.5 9.87052879333497
146.272116851807 159.119998550415 9.87052879333497
V: -0.608456617701982 0 0.72957559195375
153.530812072754 159.5 15.9509433746338
152.876121520996 159.5 15.3781833648682
152.876121520996 159.119998550415 15.3781833648682
V: -0.62552109428396 0 0.714998853569568
154.09762878418 159.5 16.4916313171387
153.530812072754 159.5 15.9509433746338
153.530812072754 159.119998550415 15.9509433746338
V: -0.655720704044218 0 0.687408436293704
154.09762878418 159.5 16.4916313171387
154.09762878418 159.119998550415 16.4916313171387
154.09762878418 159.119998550415 10.4936908721924
V: 0.95 0 0
155.314729309082 159.5 10.4936908721924
154.09762878418 159.5 10.4936908721924
154.09762878418 159.119998550415 10.4936908721924
V: 0 0 0.95
155.314729309082 159.5 18.1915813446045
155.314729309082 159.5 10.4936908721924
155.314729309082 159.119998550415 10.4936908721924
V: -0.95 0 0
154.09762878418 159.119998550415 16.4916313171387
153.530812072754 159.119998550415 15.9509433746338
154.09762878418 159.119998550415 18.1915813446045
V: 0 0.95 0
154.09762878418 159.119998550415 16.4916313171387
154.09762878418 159.119998550415 18.1915813446045
155.314729309082 159.119998550415 18.1915813446045
V: 0 0.95 0
154.09762878418 159.119998550415 16.4916313171387
155.314729309082 159.119998550415 18.1915813446045
155.314729309082 159.119998550415 10.4936908721924
V: 0 0.95 0
154.09762878418 159.119998550415 16.4916313171387
155.314729309082 159.119998550415 10.4936908721924
154.09762878418 159.119998550415 10.4936908721924
V: 0 0.95 0
152.876121520996 159.119998550415 15.3781833648682
146.272116851807 159.119998550415 9.87052879333497
146.223787689209 159.119998550415 11.5063274383545
V: 0 0.95 0
152.876121520996 159.119998550415 15.3781833648682
146.223787689209 159.119998550415 11.5063274383545
146.948783111572 159.119998550415 12.1569808959961
V: 0 0.95 0
152.876121520996 159.119998550415 15.3781833648682
146.948783111572 159.119998550415 12.1569808959961
154.09762878418 159.119998550415 18.1915813446045
V: 0 0.95 0
152.876121520996 159.119998550415 15.3781833648682
154.09762878418 159.119998550415 18.1915813446045
153.530812072754 159.119998550415 15.9509433746338
V: 0 0.95 0
145.006687164307 159.119998550415 18.3656982421875
146.223787689209 159.119998550415 18.3656982421875
146.223787689209 159.119998550415 11.5063274383545
V: 0 0.95 0
145.006687164307 159.119998550415 18.3656982421875
146.223787689209 159.119998550415 11.5063274383545
146.272116851807 159.119998550415 9.87052879333497
V: 0 0.95 0
145.006687164307 159.119998550415 18.3656982421875
146.272116851807 159.119998550415 9.87052879333497
145.006687164307 159.119998550415 9.87052879333497
V: 0 0.95 0
# 23.466809463501
